M2HO
2.3
1.0
18.9
4.8
3.8
24.3
1.0
3.5
7.4
1.0
2.9
22.2
11.2
4.1
1.2
2.7
2.4
17.4
9.0
1.0
1.1
1.0
1.1
1.2
7.5
22.8
1.0
12.2
30.3
10.1
1.0
28.6
3.6
12.5
5.9
5.7
7.3
3.1
7.3
1.9

CUBIC
31.1
17.425
33.75
11.575
14.350000000000001
44.125
19.575
2.9000000000000004
8.5
1.5999999999999996
2.25
1.6999999999999993
41.675
28.85
19.375
18.85
3.9749999999999996
5.15
4.550000000000001
7.425000000000001

Westwood
23.1
4.0
18.4
22.6
18.4
26.7
15.5
26.5
23.6
23.0
3.7
22.3
25.4
30.0
15.6
13.3
14.8
22.9
27.2
14.9
15.2
14.8
11.1
17.7
16.1
18.8
14.8
17.7
13.3
18.2
16.9
23.8
19.2
19.4
18.2
4.3
11.6
6.0
4.3

C2TCP
11.600000000000001
2.5999999999999996
17.3
15.0
20.6
13.399999999999999
14.8
7.699999999999999
29.5

Verus
4.550000000000001
31.85
3.9749999999999996
20.85
1.25
47.125
4.6
30.1
17.35
33.75
13.1
28.7
19.7
21.6
19.4
32.3
4.6
3.0
4.2
10.5

