M2HO
1.0
1.0
5.3
7.9
13.0
1.1
15.5
13.3
1.0
10.0
12.3
14.6
2.9
1.9
5.2
5.6
7.0
1.0
16.2
1.0
12.9
4.2
1.0
10.8
28.3
1.0
1.0
22.1
1.0
1.0
1.0
5.9
1.0
1.0
1.0
1.0
1.0
1.0
1.0
1.0
1.0
1.0
1.0
1.0
1.0
1.0
1.0
1.0
1.0
1.0

CUBIC
39.675
34.675
19.0
24.675
18.2
16.5
41.55
17.4
22.45
16.9
16.3
36.5
5.7
46.975
36.75
27.725
22.4
8.3
21.4
6.9
28.5
26.95
5.2
15.8
27.05
10.6
1.1
1.0

Westwood
17.4
1.0
1.0
7.4
12.6
10.5
17.9
17.5
15.7
15.4
1.0
14.7
17.1
21.4
2.2
11.1
1.0
7.7
12.2
1.0
8.4
3.7
1.0
16.3
11.3
1.0
15.8
17.3
1.0
40.0
35.3
15.6
1.0
1.0
1.0
1.0
1.0
1.0
1.0
1.0
1.0
1.0
1.0
1.0
1.0
1.0
1.0
1.0
1.0
1.0

C2TCP
13.9
1.0
13.3
15.3
14.2
13.8
14.5
1.0
29.1

Verus
18.2
38.75
25.4
1.1
27.675
15.899999999999999
3.0
16.8
28.05
23.4
41.675
29.5
34.675
16.4
14.4
2.0
4.2
12.5
4.0
18.5
37.3
3.0
1.0
3.0
14.3
1.0
1.0
4.2

