M2HO
2.0
2.3
4.8
1.4
1.1
1.1
3.7
1.0
8.1
1.5
1.2
1.2
9.1
7.6
5.8
7.4
1.1
8.0
1.1
7.6
4.7
1.1
2.2
1.3
1.7
1.0
1.0
16.5
4.3
4.9
1.0
1.2
5.0
1.0
4.6
2.3
1.0

CUBIC
32.95
9.825
19.575
15.05
9.0
37.0
18.6
8.225
18.7
19.75
9.675
51.575
27.225
6.925
2.825
13.95
22.775
22.0
21.85
43.85
31.775
21.175
34.225
24.35
10.525
5.7
2.675
21.025
28.225
21.45
5.3

Westwood
15.7
1.0
21.8
21.5
19.6
20.4
3.6
17.4
1.1
20.3
21.1
5.4
21.4
4.8
5.4
3.9
33.1
5.0
9.0
1.0
20.9
21.9
36.1
28.4
21.9
39.2
21.1
24.6
22.8
10.7
20.1
1.1
29.7
24.8
20.0
21.2
1.1

C2TCP
1.3
35.400000000000006
1.1
50.3
16.7
33.5
1.1
37.5
9.2

Verus
22.175
25.0
38.0
28.225
9.675
14.95
4.7
16.05
17.6
33.95
35.225
2.675
10.225
33.775
23.85
54.575
23.9
1.1
24.2
20.1
4.4
20.4
35.1
6.8
1.3
7.4
18.5
1.0
2.1
4.8
2.7
1.1

