M2HO
1.1
5.8
8.2
5.8
6.6
25.4
19.2
1.4
9.2
16.2
1.2
7.8
5.1
10.4
1.0
17.2
7.7
9.0
8.6
7.9
3.5
3.6
8.6
16.3
7.0
8.7
13.9
2.8
23.9
13.5
6.6
9.2
13.8
4.2
1.2
6.7
1.1
1.6
4.2
5.1
4.5
1.0
6.5
14.1
1.8
16.9
7.1
4.9
1.0
21.5
19.3
1.1
1.5
7.8
7.0
1.1
4.3
8.4
3.4
2.6
6.9
7.2
2.4
1.9
6.2
4.9
1.1
1.0
2.9
3.9
8.1
2.1
1.0
5.9
1.4
7.0
1.2
9.5
6.8
1.0
1.0

CUBIC
14.8
17.1
14.9
18.3
12.5
24.9
16.0
21.7
16.0
15.9
37.4
21.4
3.9
4.6
13.4
12.3
2.6
14.0
4.7
2.0
12.6
1.5
1.3
14.9
5.6
8.4
18.8
7.7
1.6
12.4
39.1
9.6
13.2
1.2
9.0
15.4
28.7
14.8
17.8
5.2
25.4
33.1
20.6
10.6
35.7
25.5
16.2
17.4
35.5
27.0
1.4
18.0
2.2
30.1
13.8
20.0
5.1
18.5
1.6
8.2
6.7
19.2
1.1
11.0
6.4
16.4
5.0
12.2
7.4
4.8
14.0
18.0
21.1
6.3
5.6
16.4
8.2
6.9
20.4
2.7
10.0

Westwood
2.0874999999999986
8.75
4.625
8.962499999999999
33.1875
24.4625
20.862499999999997
18.75
16.924999999999997
14.237499999999997
10.487499999999997
8.225000000000001

C2TCP
31.75
22.35
6.300000000000001
6.350000000000001
17.0
14.350000000000001
10.55
5.449999999999999

Verus
7.962499999999999
17.237499999999997
11.225000000000001
17.75
9.75
36.1875
23.7
16.1
11.2
7.0
16.3
8.6

