M2HO
715.3642474300001
718.89476345
577.49941612
481.22042698000007
514.3654472900001
250.26515860000003
295.18040849000005
416.33355496999997
419.91932397000005
353.47758575
357.28241163999996
256.0411739
257.39176335
359.07016794999987
361.26043379000004
400.32613476
404.36125422
412.09485785
415.99288965
419.02165267000004
421.21716613999996
253.20568981
254.2676984
401.93146634000004
419.78752145
464.9629961899999
478.24166153999994
517.8267586799999
538.3247646
493.7725684500001
374.50790626
341.9652242699999
483.9393221900001
706.57653167
713.8079964599998
765.5755923799999
758.24012256
722.4418213900001
461.24680148
233.49788937999998
337.65693368
691.3868614
362.87596527999995
563.8889518000001
747.0594695100001
770.6143187799998
764.9157025399999
322.12370248
391.8167290399999
221.00702694
284.28638865
727.35545655
479.9097827900001
258.36524678999996
712.9294460400001
739.76251697
727.71606933
508.9981027999999
611.23001315
737.8646361299999
739.88914235
737.6832796799999
702.24760957
740.36941901
698.72324686
728.60504958
740.47570421
744.0082245100001
735.5646126899998
633.8723616699999
727.6562448099999
712.4571262699999
712.53052566
712.67067093
766.50663941
769.2757427799999
748.5686154199998
747.6423765099998
744.1488637599998
751.3868690099999
764.83420481
758.44957292
722.1492695
716.1575326699999
702.8303344699999

CUBIC
160.60659929000002
677.4786945799999
609.67378445
689.17311978
691.0217824200001
275.31232893
321.84477564
69.13453614
82.79590768999998
142.87228160000004
171.24187611999997
109.11451672
112.30101043999998
45.96309826000001
47.21768068
73.51307394
79.5428314
52.8603541
54.140331749999994
699.3667973000001
701.34286239
97.67766219
99.99171998999998
103.49561015
106.39313909
85.68455716
88.1360707
402.98147106000005
418.69033693
373.52656571000006
236.64071940000002
244.87048427999997
672.9095347699999
707.3766476100001
421.17668575000005
629.92351175
678.17657953
671.38350599
454.4885469400001
110.51957123
402.92755881000005
685.24410138
113.18733513
350.67188959999993
630.8083547
704.24264705
701.6576171600001
223.66080732000006
255.72565665000002
296.18207630999996
380.37100598999996
721.7821780500001
179.63034671999998
183.85828263
739.28611656
53.548732460000004
59.31633183000001
341.61949443
384.72364702000004
702.25442443
707.521996
704.43576879
690.7732331200001
700.2330648899999
668.8164423499999
686.2821807600001
677.7391107100002
678.06099219
680.55957089
696.2413210700001
702.35123199
696.7636679999999
699.09421515
697.96034721
710.27070262
705.0892465999999
714.1186018999999
716.43324994
718.13528559
716.74938516
707.7265623300002
704.9908760500002
687.37348666
688.24357299
689.82936623

Westwood
188.08251901
382.98907583
355.0956875400001
546.87294022
555.59041513
260.35206156
270.25644321
404.2666506899999
411.73307932999995
464.53468155
471.1614255299999
286.37779268
290.41988805999995
367.39502501000004
370.98904415
250.99024324
255.02111449
394.48278976
397.61915875
399.40777681
403.3029822700001
390.22357897
394.23470241
354.88324385999994
505.78439269
438.64216
344.34540609000004
408.04815940000003
270.67637111
342.48642798000003
366.63799407999994
395.7836285699999
322.03289103
150.99981508
227.26241169000002
339.86497085999997
430.05117114
510.81144252000007
639.4461474499999
710.6312596199999
718.8767091300001
167.76778885
202.82417087999994
214.66484321
297.26487431000004
593.15053717
99.48674167999998
129.88100581000003
666.83747252
727.46343794
695.6029888899998

C2TCP
406.7836285699999
504.78439269
449.05117114
672.83747252
355.34540609000004
391.98907583
69.54873246
495.24680148
640.4461474499999
774.5686154199998
327.84477564
717.2330648899999
48.548732460000004
399.98147106000005
130.30101043999997
370.70372568
573.5116373
469.4561354700001
492.20223609
510.90046115000007
300.93426164
294.29609543
373.18505018999997
367.32184915000005
404.1691504700001
407.19801057000006
359.59837671
368.34675183
587.31134589
575.31759334
332.12746823000003
385.38071684999994
397.37123127
418.59421609
321.84328532

Verus
375.63799407999994
222.66484321
96.48674167999998
401.2666506899999
638.4461474499999
296.41988805999995
594.15053717
384.98907583
293.26487431000004
404.22357897
134.88100581000003
732.46343794
217.82417087999994
190.85828263
128.51957123
124.30101043999998
641.92351175
275.31232893
69.54873246
387.52656571000006
414.98147106000005
82.79590768999998
689.24357299
240.64071940000002
707.2413210700001
449.4885469400001
108.99171998999998
77.51307394
733.74938516
682.17657953
54.31633183000001
734.13528559
170.24187611999997
700.0892465999999
94.67766219
64.8603541
702.24264705
703.25442443
715.7265623300002
780.83420481
713.3642474300001
303.28638865
386.50790626
480.24680148
291.18040849000005
770.5755923799999
743.0594695100001
697.8303344699999
335.65693368
628.8723616699999
734.6832796799999
766.5686154199998

