M2HO
158.85566859
92.66210218
147.69855181
182.61401642
182.97588951
168.36260484999994
181.65237943
191.00115351000005
191.65106389999997
184.28658989
183.43173402999997
169.42536025
169.68790684999996
59.51836023999999
155.31465080999996
152.72551306
174.30087568
175.70077177000002
181.64628746000002
160.99566206
161.51480598
162.95736332
165.55671622000003
191.28813142999996
179.26129405
179.34275038000004
162.01712366
161.91542636999998
165.66501152
184.27761601000003
175.94616324000006
175.95737061999998
179.11200046999994
179.04488358999998
179.13166543
184.35748090000004
184.35191121999998
188.49948039000003
184.15364504
184.19312262999995
162.61895485000002
162.67169905999998
162.64404618999998
191.27052241000004
184.41938401999997
178.10952481000004
183.69931262999998
183.65690011000004
183.73173134999996
182.66220819000003
190.07379212999996
191.61933390999994
187.20081629
187.24357210999997
180.97208278000002
175.03177583000004
175.19521029000003
180.05778819000002
179.97679155000003
185.30680697000003
182.20889892
182.44681980999997
175.82309259000002
175.84813684000005
184.39464640000003
190.98196893
190.80024186999998
182.07263569999998
183.36082509
147.32206722
154.04018151
144.61534501999998
123.01264104
120.71949743999998
140.90260159
182.21479171
171.82778378999996
167.96028830999995
167.90064682
187.99972980999996
201.37444875
182.71170049
185.40983484
191.0524191
183.04155594
183.69177810000002
183.63676367000005
185.85608159
185.05460470000003
191.16320420000002
185.07233234
184.39369055999998
191.23060042999998
188.15323136000004
191.38829199000003
164.98771533
85.42218702
182.49714365
184.86921094999997
184.77493748999999
168.75547542
166.31706000000003
165.7445935
133.96678407999997
171.02048748
151.47313427999998
162.45432244
174.74904971000004
175.66642617999997
158.09975905000002
182.7983478
168.56038069000002
156.70701988999997
191.28774998000006
184.30291765000004
176.50947638000002
172.01368068
176.63199656999998
172.25823506
181.88604050999996
177.91334586999997
181.66211662000006
185.33254447999997
176.65476944000002
188.54385950000002
173.65587184
181.91363493
184.68705728000003
181.58029016
189.84043304000002
187.08573858000003
188.32095550999998
183.75140445
184.15450564
177.23592814
169.13468266
184.14192150999995
174.07776166000002
179.82097251
191.63427891000003
186.42785409
185.6067774
185.33194994
190.90037285
172.99482253000002
184.63446831000002
191.70942907999998
191.35560699000004
186.19139428000003

CUBIC
158.56632513
144.83005874
44.613385089999994
29.37049039
37.12472853999999
57.06964276000001
112.58193397000001
116.33839606
12.189003310000002
67.70181476
33.143825209999996
12.107681070000002
47.812153329999994
25.64093701
15.742878509999999
71.02711407000001
83.28059825
103.71610084000004
105.39493673000001
102.81524689
97.34117443000001
53.82431815999999
77.93695287999999
119.61511748000001
94.21122842999999
119.85821016
107.55992653000003
56.92377285999999
33.483290419999996
102.88780993
68.45538936999999
122.51571572000003
117.57958176000002
96.94764952999998
58.4158637
67.06605868
81.21825067
60.22270435999999
60.62298566
112.8103787
116.26267179999999
109.78926408000001
36.19302397
69.69305603999999
109.67285264
81.00513267
71.07582832999998
41.55166882
55.98553573000001
46.1457665
46.86972498999999
129.01752705
125.51012854000001
72.36154416000001
129.775308
124.28331463000002
131.13836526
118.01029517999996
69.46462622000001
112.51075426999999
73.05684406
125.45404505
101.41903497999999
21.72386677
93.12226528999997
110.47789347
74.70791032999999
102.26206058000001
72.97898368000001
58.660280150000006
108.65877235999999
116.40937567000003
96.07198894999999
24.9115082
65.29022219000001
22.323431240000005
155.53892380000002
184.15635408000006
80.73816876
101.53767086999999
45.21898579
71.99664641999999
103.39221783
55.88988996999999
94.2764932
115.01676617000001
142.35616883999998
103.12561690000001
115.53692348
117.65248662000002
115.84629762
37.15344528
63.499200460000004
118.89418539999998
99.76231105000001
65.72182849999999
48.467529299999995
22.65728215
28.752587509999998
98.28578262999997
107.96433281000002
100.58875467999998
163.78466917
104.61521703000003
109.96982479
31.41277797
46.90506825000001
50.21552910999999
74.27480767
106.59450851000001
112.54317546
161.13451583999998
176.56988906999996
101.28638578
116.88290221999998
66.33961545
71.86738768000001
56.21268743999999
69.36048919
109.44236155
99.96001787000002
77.36818768
24.444416690000004
87.28189558
113.12288070000002
37.44875893
73.07213012999999
25.777682630000005
99.39562388000002
76.09529959
79.50129358
91.16662390000002
83.92877017999999
103.08305270000001
59.546466710000004
70.86731456000001
43.51069745000001
105.20350565999999
48.435779829999994
83.72499254
110.03866067999999
31.862385879999998
53.58795075999999
66.70614043
86.26148112999999
105.93876235999997
49.98289526000001
48.69436829

Westwood
180.36200126
143.49864181
132.34607818
149.92097873
151.68876107
124.46482173000003
135.44096756
144.49887060999998
146.10093297000003
167.37951751
183.21128783
111.52944981
96.96957294999999
51.62117576
92.09689380999998
95.0590256
110.73845940000001
111.99050239999998
119.29525179000002
122.97713576999999
123.98749471
126.00041291000001
134.00864239999999
150.0529302
160.84079091
168.57323969
122.13931520999999
113.01658692000001
79.83947080000002
37.18241286000001
66.99537889
74.38583914
150.62994657
151.40994682000002
155.12273022
135.68721178
121.81958186999998
108.09886815
118.73003853000002
119.89527013000001
103.53665107
93.60501678000004
77.3252866
93.08497085
106.27556184
111.57708237000001
114.34005893
109.77569868000002
96.01439245
43.415107469999995
61.74081068000001
65.52077274
133.98320009000003
112.21358851000001
101.78656613999998
123.83909514999999
130.81768689
101.38902293000001
80.53534291000001
94.67804994
124.00706178
128.97021156000002
98.29844486
89.96228794000002
30.93523443
103.51648606
185.3226627
101.57056356
134.35243799999998
141.84218848
136.06172558999998
114.84796397999999
83.26691756999999
111.15448118999998
173.82074099
107.5631132
108.30787032
52.657668969999996
64.14675623
79.79548892999999
184.17096642000004
159.71711295
122.24709492999996
133.60638088999997
136.01256957
146.06688262999998
149.20678409
155.70345069
150.39473536000003
63.85345235999999
109.77468048000003
71.38998624
84.40985215
85.22817136000003
89.43762655999998
85.78828832
140.32529555999997
73.64426577
178.72951174000002
183.65327228
180.05855239999997
182.54593917
161.8014366
156.88968215000003
182.69221528000003
164.3061202
180.54539259000003
152.57141235999998
132.94887867
168.9692046
181.6307333
156.88415546
164.07364871000001
167.2649064

C2TCP
176.64218057000002
122.49708278000001
120.74866508
120.06046570000001
117.77960111
115.70760573000001
119.05121589000001
127.83496045999999
129.42279609999997
167.73543806
161.3480877
132.7092328
113.76226341000002
113.75093888
123.24838263
124.04760402
132.6706469
139.00496719
135.31385433999995
129.44333977
121.84632142000001
131.91939889795918
141.16332247999998
139.43072518000002
122.99669715000002
133.4323646
131.09694628
121.73362334000001
137.35939261
136.43953594
132.86928599
98.54511873999999
90.9055806
192.856196125
196.263837
142.71680501
138.26985920000004
139.24164832999998
116.89814413999999
99.92528315
119.46248248000002
88.78395221000001
96.01313226999999
171.74534132
159.0282229
104.38803490000001
149.0526857
170.70048223
154.08216773

Verus
183.54593917
182.36200126
119.15448118999998
164.07364871000001
117.73845940000001
75.64426577
95.60501678000004
153.40994682000002
149.20678409
105.57056356
122.89527013000001
139.81768689
114.30787032
147.49864181
103.01439245
193.17096642000004
117.01658692000001
184.05855239999997
102.29844486
140.60638088999997
111.53665107
141.94887867
140.00864239999999
161.8014366
118.52944981
147.10093297000003
91.22817136000003
109.5631132
61.74081068000001
156.0529302
99.67804994
179.82074099
156.88968215000003
72.85345235999999
43.415107469999995
141.35243799999998
184.6307333
119.84796397999999
93.96228794000002
154.62994657
169.37951751
158.70345069
143.06172558999998
69.14675623
127.98749471
110.78656613999998
152.57141235999998
116.77569868000002
162.71711295
111.51648606
94.78828832
88.83947080000002
51.62117576
160.88415546
114.57708237000001
104.0590256
143.44096756
119.21358851000001
113.09886815
166.3061202
191.69221528000003
92.09689380999998
125.73003853000002
172.57323969
148.32529555999997
35.93523443
128.00041291000002
160.68876107
68.52077274
95.08497085
115.27556184
68.99537889
162.84079091
39.18241286000001
105.96957294999999
176.2649064
191.3226627
93.43762655999998
109.38902293000001
140.98320009000003
138.01256957
149.84218848
185.72951174000002
130.97713577
163.12273022
128.81958186999998
143.35616883999998
77.93695287999999
42.483290419999996
66.70614043
34.64093701
112.61521703000003
51.69436829
115.03866067999999
145.83005874
116.88290221999998
128.51571572000003
33.86238588
79.36154416000001
106.76231105000001
76.06605868
27.65728215
82.00513267
59.21552910999999
52.1457665
114.44236155
120.01676617000001
46.55166882
57.435779829999994
158.53892380000002
57.58795075999999
34.143825209999996
72.86738768000001
24.323431240000005

