M2HO
387.49833481999997
276.07284534999997
63.56154534000001
286.13302469
263.51200928000003
199.48028422000004
279.88619282
266.35967478000003
278.06200488999997
300.38385826
304.43451653000005
203.07502742
197.19326619
259.08530277
447.34274089999997
295.54704555
302.09469285
193.56080383999998
340.29500728
444.40305637000006
424.86364423
273.05221792
445.15394188
266.5240582
348.35418042000003
142.95453582
273.55645774
285.61120204
200.81281642000002
291.58970637999994
424.74778691
194.06409160000004
298.21663177000005
287.66773019
287.50230473
289.03392499
312.48662064999996
271.63248529000003
279.42833528
311.47025589000003

CUBIC
114.48543453000002
376.62156044999995
77.63514002999999
13.717935530000002
55.107598360000004
43.21303842
58.53620767999999
84.84002916
32.7755543
59.6930775
175.70159863
92.55113936000002
100.91642858000002
27.76456577
66.10015213
145.54755880000002
107.29751024999997
87.69618100999998
109.76208184
278.66188029999995
249.6824824
251.61345073
31.940966379999995
126.63873842000001
253.75656353
50.07682933000002
55.21706346
200.26746833
242.45168577
101.91717851
172.06905785000004
166.86102454
72.05129971
43.06083759999999
76.82674235294118
192.47488238999998
371.80606241999993
107.10481485999999
281.88582678000006
374.85421532999993

Westwood
106.02985481999998
336.58586983000004
123.33983309999999
237.71403004
313.59023702999997
156.88208580000003
231.0577489
221.62735067999995
142.22043684000002
245.73801980999997
246.16079457999996
181.51996816
193.22095677000002
219.51649374000004
300.63910057
75.07390663000001
218.15975211999998
229.56784571
258.48243952
284.70604551
168.98508392999997
165.26011249000004
137.76224301
285.42005602000006
144.83858439000002
176.76184737
245.39082789
91.18089019000001
75.40722395
195.64800328
110.81800551
192.26642631
312.87426101

C2TCP
241.12732434999998
169.63580223076923
259.69143490000005
167.70943592
211.10522315999998
128.91037943999999
260.59582641000003
212.14995049
202.24309574999998
211.84670489000004
148.3233597755102

Verus
165.26011249000004
139.88208580000003
114.81800551
204.22095677000002
236.16079457999996
136.83858439000002
252.71403004
294.87426101
235.75656353
49.07682933000002
263.66188029999995
142.54755880000002
39.94096637999999
380.80606241999993
51.53620767999999
366.62156044999995
196.26746833
174.70159863
36.764565770000004
368.85421532999993
258.61345073
55.051299709999995
30.213038419999997
76.63514002999999
310.38385826
208.48028422000004
318.47025589000003
178.56080383999998
257.05221792
211.06409160000004
361.35418042000003
288.61120204

