M2HO
334.79355976
369.7776806000001
389.80937133
332.29442310999997
338.93471946
356.5634135599999
262.14276079
391.69987725
292.57171459999995
376.26321228
359.72307971000004
268.42539402999995
325.33350492
336.16265797000005
384.60107616
269.4895482
352.4014423500001
292.99566968999994
380.45508226999993
335.01811554
373.99784393000004
349.70428104000007
380.67027454999993
362.26419482000006
348.07893498
387.11343849
380.32234965
225.23540223
396.01516494999987
395.44210649
365.6938495
335.3027306099999
373.19605855000003
335.00240577000005
393.0983316
414.46666452
340.5104785

CUBIC
400.08627169
370.98129868999996
365.37394841
344.64527623999993
396.01739854
307.74508419
131.35860203000001
288.59079217000004
167.75278551000002
178.52181557999995
380.51850707
243.97037881
254.38401395
152.33289191999998
111.88651221999999
188.83246743000004
260.7508821
226.27851689000008
192.76506982000004
350.18687664000004
380.96218570999997
349.94897391
382.1829662500001
363.12796357
380.34255013
384.60096032
244.20741384000004
229.46675626
405.98361358
179.26565151000003
419.79673477999995
426.2511811100001
68.36197075000001
325.79030673
395.67630518
389.13953524
377.3879241300001

Westwood
258.68962262
375.03023840000003
279.41952324999994
305.99935426
339.24368889
262.94055388
264.85087937000003
305.27039917
258.10341769999997
336.95145906
329.38614722
228.08274558999997
220.60820576000003
290.10039432
326.79523461
162.42430037999998
404.75066968
377.9757925700001
413.54476143000005
286.95257653000004
293.17777124
254.24162483000003
386.60905863999994
220.41399659999996
220.40592516
314.9264456
109.29786899999999
410.59747997
412.5147509999999
379.34948821
401.0134175

C2TCP
374.9757925700001
221.60820576000003
410.5147509999999
399.75066968
415.0134175
409.08627169
268.7508821
388.60107616
342.00240577000005
298.59079217000004
260.2074138400001
199.76506982000004
376.34255013
406.13953524
422.98361358
302.70195993
333.44483873
329.15966616000003
347.22005621999995
224.01159045
324.8623096500001
326.95483693
336.09674571000005
296.22915664

Verus
220.40592516
228.08274558999997
326.79523461
220.41399659999996
109.29786899999999
290.10039432
279.41952324999994
254.38401395
365.37394841
396.01739854
260.7508821
400.08627169
380.51850707
192.76506982000004
344.64527623999993
288.59079217000004
377.3879241300001
226.27851689000008
152.33289191999998
370.98129868999996
350.18687664000004
384.60096032
335.00240577000005
396.01516494999987
389.80937133
292.99566968999994
384.60107616
369.7776806000001
376.26321228

